Date,k,delta,delta_std_dev
15/5/2008,0,0.000139055 0.00666974 0.0002707 0.000250481 -0.865632 -89.5017 -2.12534,0.000380849 0.0071016 0.000790982 0.000670591 0.030654 0.895183 0.0724011
26/6/2008,30,0.000637305 0.0591386 0.00141502 0.00139595 -3.53551 -829.358 -9.95469,0.00106455 0.0154137 0.0018475 0.00181804 0.0796922 1.88963 0.158665
7/8/2008,60,0.000678812 0.0574047 0.00121358 0.00146629 -3.71799 -764.564 -8.81622,0.00109516 0.016196 0.00169591 0.00182501 0.0821303 1.95311 0.146787
18/9/2008,90,0.000648852 0.0645369 0.000881651 0.00155516 -3.09787 -764.841 -5.80571,0.00117014 0.0162444 0.00181962 0.0019611 0.0828761 1.82463 0.146669
30/10/2008,120,0.000526642 0.0517574 0.000627956 0.00139777 -2.22866 -482.027 -3.63353,0.000952305 0.0135327 0.00135644 0.0018013 0.063203 1.35824 0.103219
11/12/2008,150,0.000581505 0.0416493 0.000809963 0.00147143 -2.48842 -362.802 -4.57864,0.000934193 0.0129411 0.00138553 0.00175913 0.06156 1.28355 0.105532
22/1/2009,180,0.00055529 0.0452552 0.000738956 0.00153937 -2.17151 -374.588 -3.85245,0.000800646 0.0119657 0.00123031 0.00186389 0.0513608 1.13412 0.089784
5/3/2009,210,0.000471859 0.0440515 0.000881984 0.00143675 -1.62392 -342.045 -3.85521,0.000678197 0.0113266 0.00125648 0.00180375 0.0405445 1.02101 0.0851341
16/4/2009,240,0.000579597 0.0488695 0.000927728 0.00133664 -2.26091 -431.221 -4.76846,0.000854845 0.0122483 0.00128595 0.0017402 0.0545838 1.22496 0.0949138
28/5/2009,270,0.000550066 0.047113 0.000967404 0.00128091 -2.32036 -450.738 -5.15272,0.000789212 0.0123684 0.00135703 0.00167557 0.0521783 1.28683 0.101971
9/7/2009,300,0.000539945 0.0485386 0.000920336 0.00139797 -2.12783 -460.788 -4.84747,0.000797471 0.0121053 0.00128128 0.00180066 0.0510542 1.24256 0.0953617
20/8/2009,330,0.000539858 0.0477437 0.00091971 0.00136207 -2.42471 -503.786 -5.49699,0.000804183 0.0124845 0.00127743 0.00179356 0.0555165 1.34572 0.101238
1/10/2009,360,0.000593693 0.041824 0.000938387 0.00132797 -2.80311 -427.62 -5.78849,0.000769869 0.0136703 0.00122361 0.0016848 0.0538587 1.46556 0.0989594
12/11/2009,390,0.000580421 0.0479117 0.00101553 0.00141355 -2.85725 -475.471 -6.37389,0.000706477 0.0141554 0.00127392 0.00172274 0.0507643 1.49003 0.104098
24/12/2009,420,0.000564107 0.0458148 0.000919608 0.00142533 -2.81518 -493.67 -5.95069,0.000745081 0.0134638 0.00123136 0.00178217 0.0538956 1.4759 0.1015
4/2/2010,450,0.000511687 0.0485596 0.00083244 0.00154568 -2.39289 -525.425 -5.16589,0.000722874 0.0130738 0.00118935 0.00197828 0.0497937 1.41349 0.0961275
18/3/2010,480,0.000523202 0.0471038 0.00085819 0.00160629 -2.69855 -513.155 -5.72327,0.000655703 0.0135219 0.00115577 0.00198679 0.0476755 1.4915 0.0970088
29/4/2010,510,0.000459321 0.0491222 0.000869105 0.00166764 -2.34338 -553.037 -5.61391,0.00058581 0.0134783 0.00124448 0.00209229 0.0422871 1.49705 0.102821
10/6/2010,540,0.000442723 0.0507873 0.000792647 0.0017354 -2.04036 -499.177 -4.91462,0.000621869 0.0131734 0.00115395 0.00210211 0.0426575 1.36194 0.0931847
22/7/2010,570,0.000451417 0.0553979 0.00089618 0.0016223 -2.13181 -523.971 -5.4262,0.000589909 0.0139781 0.00129502 0.00196152 0.0403905 1.41374 0.103413
2/9/2010,600,0.000432087 0.058038 0.000838964 0.00172215 -2.0628 -538.764 -5.08017,0.000565706 0.0141203 0.0012304 0.00203368 0.0392019 1.41859 0.0983065
14/10/2010,630,0.000508886 0.0955889 0.00113375 0.0020875 -2.55426 -950.183 -6.97021,0.000548716 0.0172568 0.00150676 0.0022562 0.0383588 1.78293 0.12053
25/11/2010,660,0.00043265 0.0996273 0.00111664 0.00240649 -2.13729 -1044.07 -6.76456,0.000528102 0.0176043 0.00155943 0.00255341 0.0362652 1.85845 0.123972
6/1/2011,690,0.000390961 0.105951 0.00110032 0.00261598 -2.04172 -1151.22 -6.80088,0.000394671 0.0181443 0.00159367 0.00271271 0.0278665 1.95709 0.127715
17/2/2011,720,0.00039544 0.125668 0.00131051 0.00258312 -2.06964 -1414.96 -8.1309,0.000508432 0.0203156 0.00185349 0.00273841 0.0355971 2.22683 0.149429
31/3/2011,750,0.000409338 0.148681 0.00139247 0.00264873 -2.07205 -1500.15 -8.10326,0.000431648 0.0207857 0.00186632 0.00265301 0.0299196 2.15354 0.145567
12/5/2011,780,0.000395531 0.159103 0.0011114 0.0028464 -1.99838 -1593.49 -6.6614,0.000417467 0.0216342 0.00160744 0.00279396 0.0286636 2.22796 0.125844
23/6/2011,810,0.00032372 0.148556 0.00147599 0.00275867 -1.56154 -1451.73 -7.94385,0.000397993 0.020769 0.00201757 0.0027837 0.0269694 2.10755 0.151297
4/8/2011,840,0.000236766 0.114796 0.00171811 0.00257144 -1.06972 -1122.72 -8.27774,0.00029417 0.0180615 0.00220826 0.00269575 0.01828 1.81672 0.156368
15/9/2011,870,0.000238685 0.101215 0.00081434 0.00260461 -1.07539 -887.117 -4.00183,0.000218524 0.016724 0.00137663 0.00266381 0.0143687 1.58974 0.0971664
27/10/2011,900,0.000310783 0.13512 0.00102977 0.00258127 -1.47603 -1219.98 -5.36625,0.000272478 0.0191971 0.00153967 0.00261841 0.0177726 1.86431 0.112202
8/12/2011,930,0.000268903 0.116534 0.00075503 0.00254848 -1.22461 -1017.18 -3.83588,0.000244633 0.0178428 0.0012612 0.00260553 0.0161891 1.69701 0.0903079
19/1/2012,960,0.000309842 0.12847 0.000680339 0.00260683 -1.46783 -1115.82 -3.74139,0.000243997 0.0186384 0.00109927 0.00260217 0.016555 1.76785 0.0811868
1/3/2012,990,0.000292901 0.150481 0.00101783 0.00307385 -1.41852 -1477.86 -5.48066,0.000258684 0.0202286 0.00153617 0.00290072 0.0171616 2.0488 0.113711
12/4/2012,1020,0.000258109 0.134537 0.000711766 0.00338157 -1.19826 -1286.86 -3.83011,0.000248729 0.0192636 0.00122452 0.00307886 0.0161684 1.91613 0.0897369
24/5/2012,1050,0.000205253 0.0974341 0.000474147 0.00240214 -0.887331 -837.141 -2.41796,0.000223764 0.0166054 0.000941852 0.00259653 0.0141894 1.55739 0.0667161
5/7/2012,1080,0.000238008 0.118503 0.000550932 0.00301003 -1.08436 -1076.68 -2.93645,0.000234238 0.0181789 0.00100576 0.00289733 0.0148382 1.75545 0.072409
16/8/2012,1110,0.000263164 0.140577 0.000603936 0.0028666 -1.21571 -1285.2 -3.41364,0.000279199 0.0198121 0.00104593 0.00280863 0.0178192 1.92405 0.0779287
27/9/2012,1140,0.000265168 0.150124 0.000593606 0.00270282 -1.20171 -1350.61 -3.378,0.000307025 0.0205361 0.00104345 0.00272944 0.0195925 1.97625 0.0779678
8/11/2012,1170,0.00025393 0.148241 0.000494227 0.00262846 -1.14524 -1316.06 -2.84934,0.000283723 0.0204427 0.000890912 0.00270133 0.0178416 1.95253 0.0662365
20/12/2012,1200,0.000271402 0.200645 0.00069877 0.00398893 -1.24773 -2017.65 -4.11775,0.000344736 0.0237268 0.00121533 0.00338949 0.021875 2.41889 0.0925329
31/1/2013,1230,0.000293285 0.226244 0.000681685 0.00580228 -1.42217 -2506.06 -4.29154,0.000276043 0.0248039 0.00113652 0.00405287 0.0179424 2.65832 0.0890926
14/3/2013,1260,0.00030409 0.231756 0.000585073 0.0076373 -1.53438 -2809.24 -3.90495,0.000269019 0.0249067 0.000968764 0.004617 0.018555 2.79636 0.0773741
25/4/2013,1290,0.000287613 0.16419 0.000560283 0.00921997 -1.40858 -2214.3 -3.73485,0.000287779 0.0210267 0.000942015 0.00506338 0.0184796 2.48184 0.0748075
6/6/2013,1320,0.000257783 0.196657 0.000591301 0.00837822 -1.23298 -2453.32 -3.80712,0.000270884 0.0233889 0.00105466 0.00485879 0.017001 2.6596 0.0832024
18/7/2013,1350,0.000307443 0.136957 0.00059933 0.0109621 -1.53912 -1933.66 -3.96901,0.000225282 0.019047 0.000960544 0.00543955 0.0145288 2.29694 0.0755921
29/8/2013,1380,0.000260243 0.191301 0.000548178 0.0110103 -1.277 -2476.12 -3.54542,0.000191373 0.0232338 0.000971849 0.00545938 0.012863 2.68449 0.0759932
10/10/2013,1410,0.000257054 0.208595 0.000733314 0.0135017 -1.21581 -2816.57 -4.49506,0.000387264 0.0244341 0.00130748 0.00588619 0.024728 2.89049 0.0997509
21/11/2013,1440,0.000259454 0.16485 0.000546809 0.0158736 -1.25025 -2383.84 -3.60277,0.000348102 0.0216923 0.00100292 0.00619175 0.0213915 2.64797 0.0777086
2/1/2014,1470,0.000260097 0.13464 0.000642207 0.0172497 -1.25825 -2045.27 -4.15746,0.000300519 0.0194949 0.00113411 0.0063757 0.0181079 2.42825 0.0879617
13/2/2014,1500,0.000248723 0.236048 0.000461873 0.0185377 -1.19088 -3211.08 -3.11411,0.000340587 0.0262361 0.000861912 0.00638714 0.021302 3.10837 0.0668219
27/3/2014,1530,0.000275685 0.242233 0.000541429 0.0219299 -1.28514 -3325.92 -3.58924,0.000410379 0.0266693 0.000989213 0.00647808 0.0252052 3.1638 0.0764322
8/5/2014,1560,0.000296617 0.308234 0.00051877 0.015398 -1.46219 -4126.56 -3.60528,0.00027749 0.0298369 0.000842195 0.00619178 0.0170064 3.49362 0.0659538
19/6/2014,1590,0.00021194 0.247265 0.000390688 0.0174979 -0.990565 -3523.45 -2.68218,0.000348857 0.0271809 0.000798037 0.00640726 0.0204981 3.28971 0.0623417
31/7/2014,1620,0.000234608 0.191086 0.000435942 0.021967 -1.11961 -2752.77 -2.90507,0.000211014 0.023983 0.000777618 0.0068802 0.0129784 2.90325 0.0584102
11/9/2014,1650,0.000239679 0.19812 0.000343366 0.0234527 -1.12193 -2878.27 -2.48225,0.000277053 0.0244404 0.000536225 0.00687503 0.0157271 2.9762 0.0412609
23/10/2014,1680,0.000276497 0.198707 0.000349471 0.0246404 -1.21745 -2769.22 -2.47576,0.000383142 0.024633 0.000466554 0.00714425 0.0219149 2.92404 0.033619
4/12/2014,1710,0.000221335 0.0946155 0.000243537 0.0276235 -0.978462 -1506.14 -1.84977,0.000369829 0.0167342 0.000261751 0.00697053 0.0212289 2.10679 0.0194523
15/1/2015,1740,0.000249425 0.104255 0.000530769 0.028951 -1.00408 -1602.19 -3.31898,0.000589922 0.0181212 0.00115969 0.00711555 0.0332679 2.24345 0.0885439
26/2/2015,1770,5.8943e-05 0.0153129 0.000164579 0.0175648 -0.235598 -251.561 -1.11759,0.000338258 0.00698797 0.000702067 0.00655177 0.0192198 0.888284 0.0570103
9/4/2015,1800,2.7146e-07 8.17926e-07 1.13819e-08 0.00495084 -4.20296e-05 -0.0155385 -8.97597e-05,3.13689e-05 8.74831e-06 9.27827e-07 0.0042364 5.20195e-05 0.00121629 8.31349e-05
