1608919930 0 0 0 0 0 0 1 0
1608924760 0 0 0 1 0 0 1 0
1608926005 0 0 0 2 0 0 1 0
1608926127 0 0 0 3 0 0 1 0
1608926352 0 0 0 4 0 0 1 0
1608926410 0 0 0 4 0 0 2 0
1610033014 1 0 0 4 0 0 2 0
1610034594 2 0 0 4 0 0 2 0
1610035090 3 0 0 4 0 0 2 0
1610038965 4 0 0 4 0 0 2 0
1610126358 5 0 0 4 0 0 2 0
1610126882 6 0 0 4 0 0 2 0
1610127971 7 0 0 4 0 0 2 0
1610138511 8 0 0 4 0 0 2 0
1610223487 9 0 0 4 0 0 2 0
1610227258 10 0 0 4 0 0 2 0
1610227886 11 0 0 4 0 0 2 0
1610228711 12 0 0 4 0 0 2 0
1610230167 13 0 0 4 0 0 2 0
1610285804 14 0 0 4 0 0 2 0
1610286001 15 0 0 4 0 0 2 0
1610289200 16 0 0 4 0 0 2 0
1610293285 17 0 0 4 0 0 2 0
1610294045 17 0 0 4 1 0 2 0
1610297628 18 0 0 4 1 0 2 0
1610297638 19 0 0 4 1 0 2 0
1610298157 20 0 0 4 1 0 2 0
1610309500 21 0 0 4 1 0 2 0
1610314329 22 0 0 4 1 0 2 0
1610314952 23 0 0 4 1 0 2 0
1610315878 24 0 0 4 1 0 2 0
1610319111 25 0 0 4 1 0 2 0
1610324083 26 0 0 4 1 0 2 0
1610324760 27 0 0 4 1 0 2 0
1610329780 28 0 0 4 1 0 2 0
1610332752 29 0 0 4 1 0 2 0
1610359167 30 0 0 4 1 0 2 0
1610359460 31 0 0 4 1 0 2 0
1610360624 32 0 0 4 1 0 2 0
1610399881 33 0 0 4 1 0 2 0
1610402681 34 0 0 4 1 0 2 0
1610408731 35 0 0 4 1 0 2 0
1610408863 36 0 0 4 1 0 2 0
1610409785 37 0 0 4 1 0 2 0
1610410072 38 0 0 4 1 0 2 0
1610457971 39 0 0 4 1 0 2 0
1610465862 39 0 1 4 1 0 2 0
1610466001 40 0 1 4 1 0 2 0
1610466005 41 0 1 4 1 0 2 0
1610466288 41 0 2 4 1 0 2 0
1610466500 42 0 2 4 1 0 2 0
1610467370 42 0 3 4 1 0 2 0
1610467510 42 0 4 4 1 0 2 0
1610467949 42 0 5 4 1 0 2 0
1610468211 43 0 5 4 1 0 2 0
1610468498 44 0 5 4 1 0 2 0
1610887335 45 0 5 4 1 0 2 0
1610890635 46 0 5 4 1 0 2 0
1610892072 47 0 5 4 1 0 2 0
1610892643 47 1 5 4 1 0 2 0
1610893037 48 1 5 4 1 0 2 0
1610893689 49 1 5 4 1 0 2 0
1610893920 49 2 5 4 1 0 2 0
1610893928 49 3 5 4 1 0 2 0
1610894056 49 3 5 4 1 0 2 1
1610894060 49 3 5 4 1 0 2 2
1610897787 49 3 5 4 2 0 2 2
1610898967 50 3 5 4 2 0 2 2
1610902254 51 3 5 4 2 0 2 2
1610902258 52 3 5 4 2 0 2 2
1610903111 53 3 5 4 2 0 2 2
1610904374 53 3 5 4 3 0 2 2
1610904507 53 3 5 4 4 0 2 2
1610906174 54 3 5 4 4 0 2 2
1610911929 55 3 5 4 4 0 2 2
1610912043 56 3 5 4 4 0 2 2
1610912412 57 3 5 4 4 0 2 2
1610913997 58 3 5 4 4 0 2 2
1610918103 59 3 5 4 4 0 2 2
1610918955 60 3 5 4 4 0 2 2
1611241277 61 3 5 4 4 0 2 2
1611243830 62 3 5 4 4 0 2 2
1611244917 63 3 5 4 4 0 2 2
1611251184 64 3 5 4 4 0 2 2
1611258023 65 3 5 4 4 0 2 2
1611259227 66 3 5 4 4 0 2 2
1611260057 67 3 5 4 4 0 2 2
1611260214 68 3 5 4 4 0 2 2
1611260509 69 3 5 4 4 0 2 2
1611848810 70 3 5 4 4 0 2 2
1611877700 71 3 5 4 4 0 2 2
1611954896 72 3 5 4 4 0 2 2
1611955293 73 3 5 4 4 0 2 2
1612277149 74 3 5 4 4 0 2 2
1612281010 75 3 5 4 4 0 2 2
1612283851 76 3 5 4 4 0 2 2
1612285259 77 3 5 4 4 0 2 2
1612287013 78 3 5 4 4 0 2 2
1612287666 79 3 5 4 4 0 2 2
1612289196 80 3 5 4 4 0 2 2
1612464568 81 3 5 4 4 0 2 2
1612470083 82 3 5 4 4 0 2 2
1612472205 83 3 5 4 4 0 2 2
1612479560 84 3 5 4 4 0 2 2
1612659224 85 3 5 4 4 0 2 2
1612661831 86 3 5 4 4 0 2 2
1612714680 87 3 5 4 4 0 2 2
1613554024 88 3 5 4 4 0 2 2
1613555551 89 3 5 4 4 0 2 2
1613557395 90 3 5 4 4 0 2 2
1613567503 91 3 5 4 4 0 2 2
1613570128 92 3 5 4 4 0 2 2
1613570823 93 3 5 4 4 0 2 2
1613573400 94 3 5 4 4 0 2 2
1614114162 95 3 5 4 4 0 2 2
1614115203 96 3 5 4 4 0 2 2
1614115874 97 3 5 4 4 0 2 2
1614117860 98 3 5 4 4 0 2 2
1614118082 99 3 5 4 4 0 2 2
1614121375 100 3 5 4 4 0 2 2
1614121788 101 3 5 4 4 0 2 2
1614125783 102 3 5 4 4 0 2 2
1614125847 103 3 5 4 4 0 2 2
1614127324 104 3 5 4 4 0 2 2
1614128098 105 3 5 4 4 0 2 2
1614128509 106 3 5 4 4 0 2 2
1614197185 107 3 5 4 4 0 2 2
1614197834 108 3 5 4 4 0 2 2
1614198865 109 3 5 4 4 0 2 2
1614200361 110 3 5 4 4 0 2 2
1614203659 111 3 5 4 4 0 2 2
1614210608 112 3 5 4 4 0 2 2
1614210750 113 3 5 4 4 0 2 2
1614211587 114 3 5 4 4 0 2 2
1614212424 115 3 5 4 4 0 2 2
1614212734 116 3 5 4 4 0 2 2
1614256605 117 3 5 4 4 0 2 2
1614257208 118 3 5 4 4 0 2 2
1614259515 119 3 5 4 4 0 2 2
1614259807 120 3 5 4 4 0 2 2
1614260651 121 3 5 4 4 0 2 2
1614260854 122 3 5 4 4 0 2 2
1614285631 123 3 5 4 4 0 2 2
1614285899 124 3 5 4 4 0 2 2
1614439092 125 3 5 4 4 0 2 2
1614444123 126 3 5 4 4 0 2 2
1614446720 127 3 5 4 4 0 2 2
1614447552 128 3 5 4 4 0 2 2
1614447840 129 3 5 4 4 0 2 2
1614521476 130 3 5 4 4 0 2 2
1614524033 131 3 5 4 4 0 2 2
1614527399 132 3 5 4 4 0 2 2
1614528304 133 3 5 4 4 0 2 2
1614533285 134 3 5 4 4 0 2 2
1614535590 135 3 5 4 4 0 2 2
1614867680 136 3 5 4 4 0 2 2
1614868431 137 3 5 4 4 0 2 2
1614869702 138 3 5 4 4 0 2 2
1614872257 139 3 5 4 4 0 2 2
1614874464 140 3 5 4 4 0 2 2
1614874669 141 3 5 4 4 0 2 2
1614875406 141 4 5 4 4 0 2 2
1614875936 141 5 5 4 4 0 2 2
1614876995 142 5 5 4 4 0 2 2
1614877731 143 5 5 4 4 0 2 2
1614883063 144 5 5 4 4 0 2 2
1614884006 145 5 5 4 4 0 2 2
1614884870 146 5 5 4 4 0 2 2
1614885453 147 5 5 4 4 0 2 2
1614887092 148 5 5 4 4 0 2 2
1614887580 148 6 5 4 4 0 2 2
1614888662 149 6 5 4 4 0 2 2
1614889711 150 6 5 4 4 0 2 2
1614931735 150 7 5 4 4 0 2 2
1614931853 150 8 5 4 4 0 2 2
1614932130 150 9 5 4 4 0 2 2
1614933461 150 10 5 4 4 0 2 2
1614941895 150 11 5 4 4 0 2 2
1614945724 150 12 5 4 4 0 2 2
1614956577 150 13 5 4 4 0 2 2
1614978002 150 14 5 4 4 0 2 2
1614979633 150 15 5 4 4 0 2 2
1614981862 150 16 5 4 4 0 2 2
1614985120 150 17 5 4 4 0 2 2
1614988126 150 18 5 4 4 0 2 2
1615012961 150 19 5 4 4 0 2 2
1615013487 150 20 5 4 4 0 2 2
1615041035 151 20 5 4 4 0 2 2
1615045852 152 20 5 4 4 0 2 2
1615045913 153 20 5 4 4 0 2 2
1615048071 154 20 5 4 4 0 2 2
1615049398 155 20 5 4 4 0 2 2
1615051017 156 20 5 4 4 0 2 2
1615052664 157 20 5 4 4 0 2 2
1615126200 158 20 5 4 4 0 2 2
1615127063 159 20 5 4 4 0 2 2
1615128303 160 20 5 4 4 0 2 2
1615130934 161 20 5 4 4 0 2 2
1615131476 162 20 5 4 4 0 2 2
1615132757 163 20 5 4 4 0 2 2
1615135864 164 20 5 4 4 0 2 2
1615136564 165 20 5 4 4 0 2 2
1615137428 166 20 5 4 4 0 2 2
1615223132 166 21 5 4 4 1 2 2
1615223311 166 21 5 4 4 2 2 2
1615223479 166 21 5 4 4 3 2 2
1615223839 166 21 5 4 4 4 2 2
1615227326 167 21 5 4 4 4 2 2
1615227825 167 22 5 4 4 4 2 2
1615228229 167 23 5 4 4 4 2 2
1615228264 168 23 5 4 4 4 2 2
1615228843 169 23 5 4 4 4 2 2
1615233830 170 23 5 4 4 4 2 2
1615236274 171 23 5 4 4 4 2 2
1615236451 172 23 5 4 4 4 2 2
1615238238 173 23 5 4 4 4 2 2
1615238437 174 23 5 4 4 4 2 2
1615238790 175 23 5 4 4 4 2 2
1615239020 176 23 5 4 4 4 2 2
1615308792 177 23 5 4 4 4 2 2
1615310916 178 23 5 4 4 4 2 2
1615312755 179 23 5 4 4 4 2 2
1615313029 180 23 5 4 4 4 2 2
1615313098 181 23 5 4 4 4 2 2
1615316369 182 23 5 4 4 4 2 2
1615316789 183 23 5 4 4 4 2 2
1615317485 184 23 5 4 4 4 2 2
1615317736 185 23 5 4 4 4 2 2
1615321315 186 23 5 4 4 4 2 2
1615380137 187 23 5 4 4 4 2 2
