1608919930 3
1608924760 70
1608926005 122
1608926127 122
1608926352 132
1608926410 135
1610033014 242
1610034594 354
1610035090 348
1610038965 413
1610126358 440
1610126882 400
1610127971 401
1610138511 504
1610223487 509
1610227258 516
1610227886 512
1610228711 505
1610230167 509
1610285804 519
1610286001 520
1610289200 570
1610293285 723
1610297628 785
1610297638 841
1610298157 851
1610309500 930
1610314329 908
1610314952 952
1610315878 959
1610319111 968
1610324083 870
1610324760 882
1610329780 984
1610332752 1038
1610359167 945
1610359460 943
1610360624 923
1610399881 923
1610402681 927
1610408731 933
1610408863 932
1610409785 943
1610410072 936
1610457971 926
1610466001 1019
1610466005 1052
1610466500 1103
1610468211 1034
1610468498 1026
1610887335 1014
1610890635 1016
1610892072 1032
1610892643 4320
1610893037 4321
1610893920 4370
1610893928 4372
1610898967 4403
1610902254 4435
1610902258 4471
1610903111 4482
1610906174 4499
1610911929 4461
1610912043 4487
1610912412 4484
1610913997 4445
1610918103 4572
1610918955 4576
1611241277 4633
1611243830 4726
1611244917 4714
1611251184 8234
1611258023 8375
1611259227 8350
1611260057 8379
1611260214 8382
1611260509 8382
1611848810 8541
1611877700 8440
1611954896 8483
1611955293 8412
1612277149 8394
1612281010 38964
1612283851 38963
1612285259 38964
1612287013 39004
1612287666 39017
1612289196 39031
1612464568 42328
1612470083 42351
1612472205 44510
1612479560 44614
1612659224 44731
1612661831 44785
1612714680 37329
1613554024 46345
1613555551 46383
1613557395 46474
1613567503 46557
1613570128 46575
1613570823 46575
1613573400 46591
1614114162 46659
1614115203 46673
1614115874 46673
1614117860 84098
1614118082 46705
1614121375 46678
1614121788 46678
1614125783 46627
1614125847 46633
1614127324 46563
1614128098 46582
1614128509 46593
1614197185 46620
1614197834 46504
1614198865 46524
1614200361 46511
1614203659 38938
1614210608 38946
1614210750 38944
1614211587 38933
1614212424 38929
1614212734 38930
1614256605 38930
1614257208 38924
1614259515 38924
1614259807 38924
1614260651 38915
1614260854 38906
1614285631 38918
1614285899 38918
1614439092 38915
1614444123 38945
1614446720 38967
1614447552 38954
1614447840 38955
1614521476 38954
1614524033 38954
1614527399 38956
1614528304 38952
1614533285 38980
1614535590 38990
1614867680 38985
1614868431 38993
1614875406 39025
1614875936 39041
1614876995 39031
1614877731 39035
1614887580 39046
1614931735 39050
1614931853 39024
1614932130 39060
1614933461 39058
1614941895 39081
1614945724 39087
1614956577 39102
1614978002 67982
1614979633 67979
1614981862 67979
1614985120 68012
1614988126 68063
1615012961 68073
1615013487 68045
1615041035 68046
1615045852 68088
1615045913 68106
1615048071 68177
1615049398 68171
1615051017 68230
1615052664 68254
1615126200 68272
1615127063 68264
1615128303 68232
1615130934 68308
1615131476 68308
1615132757 68310
1615135864 68309
1615136564 68310
